bigclass_30_param013_35  weight:0.7

#transfer learning base on
#model_file1 = '/home/ubuntu/dlp/deploy_models_2019/bigclass_multiclass/Transfer_learning/Xception-007-0.954.hdf5'

train:
0 :
[[74467  2848]
 [  744 44508]]
1 :
[[111347    684]
 [   586   9950]]
2 :
[[119039    172]
 [    13   3343]]
3 :
[[122384      5]
 [     0    178]]
4 :
[[115491    142]
 [     7   6927]]
5 :
[[121032    476]
 [     3   1056]]
6 :
[[118387    306]
 [    67   3807]]
7 :
[[120266   1045]
 [    48   1208]]
8 :
[[121975     94]
 [     2    496]]
9 :
[[116873    116]
 [    13   5565]]
10 :
[[117594   2751]
 [    39   2183]]
11 :
[[122306    131]
 [     0    130]]
12 :
[[121485    216]
 [     3    863]]
13 :
[[122413     10]
 [     0    144]]
14 :
[[122410     24]
 [     0    133]]
15 :
[[121008    118]
 [     0   1441]]
16 :
[[121574    236]
 [     0    757]]
17 :
[[122050     28]
 [     0    489]]
18 :
[[121964    119]
 [     0    484]]
19 :
[[122307     58]
 [     0    202]]
20 :
[[121968    227]
 [     0    372]]
21 :
[[111740   4181]
 [   198   6448]]
22 :
[[121524    670]
 [    13    360]]
23 :
[[116374   2713]
 [    29   3451]]
24 :
[[121554    269]
 [     4    740]]
25 :
[[122285     75]
 [     0    207]]
26 :
[[122176    143]
 [     0    248]]
27 :
[[117834     56]
 [     3   4674]]
28 :
[[120929     66]
 [     0   1572]]
29 :
[[102882    826]
 [   203  18656]]

valid:

0 :
[[13228   490]
 [  129  7783]]
1 :
[[19511   121]
 [   92  1906]]
2 :
[[21009    30]
 [    1   590]]
3 :
[[21581     4]
 [    0    45]]
4 :
[[20220    32]
 [    3  1375]]
5 :
[[21343    61]
 [    0   226]]
6 :
[[20919    49]
 [    8   654]]
7 :
[[21219   177]
 [    8   226]]
8 :
[[21521    13]
 [    0    96]]
9 :
[[20666    23]
 [    1   940]]
10 :
[[20758   476]
 [    8   388]]
11 :
[[21600    14]
 [    0    16]]
12 :
[[21461    26]
 [    1   142]]
13 :
[[21611     2]
 [    0    17]]
14 :
[[21614     1]
 [    0    15]]
15 :
[[21382    25]
 [    0   223]]
16 :
[[21490    37]
 [    0   103]]
17 :
[[21557     2]
 [    0    71]]
18 :
[[21528    17]
 [    0    85]]
19 :
[[21578     3]
 [    0    49]]
20 :
[[21514    35]
 [    0    81]]
21 :
[[19730   775]
 [   25  1100]]
22 :
[[21442   126]
 [    5    57]]
23 :
[[20588   453]
 [    8   581]]
24 :
[[21422    37]
 [    0   171]]
25 :
[[21592    13]
 [    0    25]]
26 :
[[21564    16]
 [    1    49]]
27 :
[[20855    11]
 [    4   760]]
28 :
[[21340    10]
 [    0   280]]
29 :
[[18196   152]
 [   35  3247]]


three models enselbling

0 :
[[74643  2672]
 [  530 44722]]
1 :
[[111420    611]
 [   570   9966]]
2 :
[[119025    186]
 [    15   3341]]
3 :
[[122385      4]
 [     0    178]]
4 :
[[115503    130]
 [    10   6924]]
5 :
[[121113    395]
 [     1   1058]]
6 :
[[118456    237]
 [    61   3813]]
7 :
[[120577    734]
 [    29   1227]]
8 :
[[122004     65]
 [     1    497]]
9 :
[[116880    109]
 [     9   5569]]
10 :
[[117828   2517]
 [    31   2191]]
11 :
[[122313    124]
 [     0    130]]
12 :
[[121536    165]
 [     1    865]]
13 :
[[122414      9]
 [     0    144]]
14 :
[[122405     29]
 [     0    133]]
15 :
[[121028     98]
 [     0   1441]]
16 :
[[121611    199]
 [     0    757]]
17 :
[[122066     12]
 [     0    489]]
18 :
[[121972    111]
 [     0    484]]
19 :
[[122321     44]
 [     0    202]]
20 :
[[121934    261]
 [     0    372]]
21 :
[[112631   3290]
 [   107   6539]]
22 :
[[121737    457]
 [     6    367]]
23 :
[[116855   2232]
 [     8   3472]]
24 :
[[121549    274]
 [     2    742]]
25 :
[[122274     86]
 [     0    207]]
26 :
[[122184    135]
 [     0    248]]
27 :
[[117829     61]
 [     8   4669]]
28 :
[[120942     53]
 [     0   1572]]
29 :
[[102730    978]
 [   203  18656]]
results_valid.csv

0 :
[[13264   454]
 [   99  7813]]
1 :
[[19518   114]
 [   91  1907]]
2 :
[[21003    36]
 [    1   590]]
3 :
[[21581     4]
 [    0    45]]
4 :
[[20225    27]
 [    3  1375]]
5 :
[[21347    57]
 [    0   226]]
6 :
[[20936    32]
 [    6   656]]
7 :
[[21269   127]
 [    6   228]]
8 :
[[21524    10]
 [    0    96]]
9 :
[[20664    25]
 [    1   940]]
10 :
[[20828   406]
 [    6   390]]
11 :
[[21600    14]
 [    0    16]]
12 :
[[21468    19]
 [    0   143]]
13 :
[[21613     0]
 [    0    17]]
14 :
[[21613     2]
 [    0    15]]
15 :
[[21383    24]
 [    0   223]]
16 :
[[21491    36]
 [    0   103]]
17 :
[[21558     1]
 [    0    71]]
18 :
[[21532    13]
 [    0    85]]
19 :
[[21578     3]
 [    0    49]]
20 :
[[21509    40]
 [    0    81]]
21 :
[[19921   584]
 [   15  1110]]
22 :
[[21490    78]
 [    1    61]]
23 :
[[20648   393]
 [    1   588]]
24 :
[[21426    33]
 [    0   171]]
25 :
[[21589    16]
 [    0    25]]
26 :
[[21558    22]
 [    1    49]]
27 :
[[20856    10]
 [    4   760]]
28 :
[[21338    12]
 [    0   280]]
29 :
[[18157   191]
 [   31  3251]]

After Softmax

0 :
[[74643  2672]
 [  530 44722]]
1 :
[[111420    611]
 [   570   9966]]
2 :
[[119025    186]
 [    15   3341]]
3 :
[[122385      4]
 [     0    178]]
4 :
[[115514    119]
 [    13   6921]]
5 :
[[121214    294]
 [     2   1057]]
6 :
[[118474    219]
 [    71   3803]]
7 :
[[120583    728]
 [    29   1227]]
8 :
[[122015     54]
 [     1    497]]
9 :
[[116880    109]
 [     9   5569]]
10 :
[[117828   2517]
 [    31   2191]]
11 :
[[122313    124]
 [     0    130]]
12 :
[[121538    163]
 [     1    865]]
13 :
[[122415      8]
 [     0    144]]
14 :
[[122413     21]
 [     0    133]]
15 :
[[121028     98]
 [     0   1441]]
16 :
[[121611    199]
 [     0    757]]
17 :
[[122066     12]
 [     0    489]]
18 :
[[121972    111]
 [     0    484]]
19 :
[[122321     44]
 [     0    202]]
20 :
[[121934    261]
 [     0    372]]
21 :
[[112631   3290]
 [   107   6539]]
22 :
[[121737    457]
 [     6    367]]
23 :
[[116855   2232]
 [     8   3472]]
24 :
[[121549    274]
 [     2    742]]
25 :
[[122274     86]
 [     0    207]]
26 :
[[122184    135]
 [     0    248]]
27 :
[[117829     61]
 [     8   4669]]
28 :
[[120942     53]
 [     0   1572]]
29 :
[[102730    978]
 [   203  18656]]
results_valid.csv

0 :
[[13264   454]
 [   99  7813]]
1 :
[[19518   114]
 [   91  1907]]
2 :
[[21003    36]
 [    1   590]]
3 :
[[21581     4]
 [    0    45]]
4 :
[[20227    25]
 [    3  1375]]
5 :
[[21367    37]
 [    0   226]]
6 :
[[20938    30]
 [    8   654]]
7 :
[[21271   125]
 [    6   228]]
8 :
[[21524    10]
 [    0    96]]
9 :
[[20664    25]
 [    1   940]]
10 :
[[20828   406]
 [    6   390]]
11 :
[[21600    14]
 [    0    16]]
12 :
[[21468    19]
 [    0   143]]
13 :
[[21613     0]
 [    0    17]]
14 :
[[21613     2]
 [    0    15]]
15 :
[[21383    24]
 [    0   223]]
16 :
[[21491    36]
 [    0   103]]
17 :
[[21558     1]
 [    0    71]]
18 :
[[21532    13]
 [    0    85]]
19 :
[[21578     3]
 [    0    49]]
20 :
[[21509    40]
 [    0    81]]
21 :
[[19921   584]
 [   15  1110]]
22 :
[[21490    78]
 [    1    61]]
23 :
[[20648   393]
 [    1   588]]
24 :
[[21426    33]
 [    0   171]]
25 :
[[21589    16]
 [    0    25]]
26 :
[[21558    22]
 [    1    49]]
27 :
[[20856    10]
 [    4   760]]
28 :
[[21338    12]
 [    0   280]]
29 :
[[18157   191]
 [   31  3251]]