inter_class_ratio = 0.12

positive_weight_ratio = 2.8

exclusion_loss_ratio = 0  #0.001

weight_power:0.7



0 :
[[77526  2142]
 [ 1551 48061]]
1 :
[[112572   1804]
 [   404  14500]]
2 :
[[125424    186]
 [    42   3628]]
3 :
[[129071      5]
 [     1    203]]
4 :
[[121793    148]
 [    34   7305]]
5 :
[[127457    540]
 [     1   1282]]
6 :
[[124276    300]
 [    89   4615]]
7 :
[[126599    804]
 [    63   1814]]
8 :
[[128476    137]
 [    11    656]]
9 :
[[123145    189]
 [    18   5928]]
10 :
[[126294   1761]
 [    24   1201]]
11 :
[[128991    139]
 [     0    150]]
12 :
[[128048    162]
 [    10   1060]]
13 :
[[129117     12]
 [     0    151]]
14 :
[[129107     38]
 [     0    135]]
15 :
[[127661    158]
 [     0   1461]]
16 :
[[126709    913]
 [    11   1647]]
17 :
[[128756      9]
 [     1    514]]
18 :
[[128527    224]
 [     0    529]]
19 :
[[129003     51]
 [     1    225]]
20 :
[[124639   2251]
 [    10   2380]]
21 :
[[117344   3448]
 [    30   8458]]
22 :
[[125767   1515]
 [    62   1936]]
23 :
[[126134   2823]
 [     6    317]]
24 :
[[127484    511]
 [     2   1283]]
25 :
[[127059   1039]
 [    15   1167]]
26 :
[[127476    396]
 [    67   1341]]
27 :
[[123353    188]
 [     6   5733]]
28 :
[[127043    192]
 [     7   2038]]
29 :
[[107410   1751]
 [   120  19999]]
computer confusion matrix: results_valid.csv

0 :
[[13721   366]
 [  271  8457]]
1 :
[[19897   287]
 [   75  2556]]
2 :
[[22133    33]
 [    8   641]]
3 :
[[22782     1]
 [    0    32]]
4 :
[[21412    30]
 [    6  1367]]
5 :
[[22500    95]
 [    1   219]]
6 :
[[21935    50]
 [   22   808]]
7 :
[[22392   139]
 [   17   267]]
8 :
[[22660    30]
 [    2   123]]
9 :
[[21724    35]
 [    7  1049]]
10 :
[[22282   318]
 [    7   208]]
11 :
[[22760    31]
 [    0    24]]
12 :
[[22573    32]
 [    3   207]]
13 :
[[22770     7]
 [    0    38]]
14 :
[[22787     3]
 [    0    25]]
15 :
[[22519    31]
 [    0   265]]
16 :
[[22350   153]
 [    1   311]]
17 :
[[22730     2]
 [    0    83]]
18 :
[[22686    31]
 [    0    98]]
19 :
[[22772     5]
 [    0    38]]
20 :
[[22022   407]
 [    2   384]]
21 :
[[20691   599]
 [    1  1524]]
22 :
[[22192   275]
 [   14   334]]
23 :
[[22273   473]
 [    1    68]]
24 :
[[22482    95]
 [    0   238]]
25 :
[[22432   189]
 [    2   192]]
26 :
[[22502    75]
 [    6   232]]
27 :
[[21729    35]
 [    0  1051]]
28 :
[[22416    43]
 [    1   355]]
29 :
[[19013   329]
 [   19  3454]]

CONVERT_PROBS = True


0 :
[[77526  2142]
 [ 1551 48061]]
1 :
[[112571   1805]
 [   404  14500]]
2 :
[[125424    186]
 [    42   3628]]
3 :
[[129071      5]
 [     1    203]]
4 :
[[121798    143]
 [    49   7290]]
5 :
[[127647    350]
 [    54   1229]]
6 :
[[124303    273]
 [   123   4581]]
7 :
[[126603    800]
 [    66   1811]]
8 :
[[128492    121]
 [    17    650]]
9 :
[[123145    189]
 [    18   5928]]
10 :
[[126294   1761]
 [    24   1201]]
11 :
[[128991    139]
 [     0    150]]
12 :
[[128049    161]
 [    11   1059]]
13 :
[[129117     12]
 [     0    151]]
14 :
[[129115     30]
 [     0    135]]
15 :
[[127661    158]
 [     0   1461]]
16 :
[[126709    913]
 [    11   1647]]
17 :
[[128756      9]
 [     1    514]]
18 :
[[128527    224]
 [     0    529]]
19 :
[[129003     51]
 [     1    225]]
20 :
[[124639   2251]
 [    10   2380]]
21 :
[[117344   3448]
 [    30   8458]]
22 :
[[125767   1515]
 [    62   1936]]
23 :
[[126134   2823]
 [     6    317]]
24 :
[[127484    511]
 [     2   1283]]
25 :
[[127059   1039]
 [    15   1167]]
26 :
[[127476    396]
 [    67   1341]]
27 :
[[123353    188]
 [     6   5733]]
28 :
[[127043    192]
 [     7   2038]]
29 :
[[107410   1751]
 [   120  19999]]
computer confusion matrix: results_valid.csv

0 :
[[13721   366]
 [  271  8457]]
1 :
[[19897   287]
 [   75  2556]]
2 :
[[22133    33]
 [    8   641]]
3 :
[[22782     1]
 [    0    32]]
4 :
[[21415    27]
 [   11  1362]]
5 :
[[22527    68]
 [   13   207]]
6 :
[[21941    44]
 [   28   802]]
7 :
[[22394   137]
 [   17   267]]
8 :
[[22667    23]
 [    3   122]]
9 :
[[21724    35]
 [    7  1049]]
10 :
[[22282   318]
 [    7   208]]
11 :
[[22760    31]
 [    0    24]]
12 :
[[22573    32]
 [    3   207]]
13 :
[[22772     5]
 [    0    38]]
14 :
[[22788     2]
 [    0    25]]
15 :
[[22519    31]
 [    0   265]]
16 :
[[22350   153]
 [    1   311]]
17 :
[[22730     2]
 [    0    83]]
18 :
[[22686    31]
 [    0    98]]
19 :
[[22772     5]
 [    0    38]]
20 :
[[22022   407]
 [    2   384]]
21 :
[[20691   599]
 [    1  1524]]
22 :
[[22192   275]
 [   14   334]]
23 :
[[22273   473]
 [    1    68]]
24 :
[[22482    95]
 [    0   238]]
25 :
[[22432   189]
 [    2   192]]
26 :
[[22502    75]
 [    6   232]]
27 :
[[21729    35]
 [    0  1051]]
28 :
[[22416    43]
 [    1   355]]
29 :
[[19013   329]
 [   19  3454]]
