inter_class_ratio = 0.1

positive_weight_ratio = 2.8

exclusion_loss_ratio = 0  #0.001

weight_power:0.68

0 :
[[77533  2135]
 [ 1496 48116]]
1 :
[[112627   1749]
 [   407  14497]]
2 :
[[125444    166]
 [    44   3626]]
3 :
[[129072      4]
 [     1    203]]
4 :
[[121801    140]
 [    35   7304]]
5 :
[[127479    518]
 [     1   1282]]
6 :
[[124274    302]
 [    86   4618]]
7 :
[[126670    733]
 [    65   1812]]
8 :
[[128482    131]
 [    12    655]]
9 :
[[123153    181]
 [    18   5928]]
10 :
[[126404   1651]
 [    27   1198]]
11 :
[[129005    125]
 [     0    150]]
12 :
[[128068    142]
 [    11   1059]]
13 :
[[129119     10]
 [     1    150]]
14 :
[[129115     30]
 [     0    135]]
15 :
[[127690    129]
 [     0   1461]]
16 :
[[126806    816]
 [    12   1646]]
17 :
[[128759      6]
 [     1    514]]
18 :
[[128560    191]
 [     0    529]]
19 :
[[129015     39]
 [     1    225]]
20 :
[[124716   2174]
 [    11   2379]]
21 :
[[117467   3325]
 [    30   8458]]
22 :
[[125895   1387]
 [    68   1930]]
23 :
[[126251   2706]
 [     7    316]]
24 :
[[127553    442]
 [     2   1283]]
25 :
[[127117    981]
 [    17   1165]]
26 :
[[127515    357]
 [    68   1340]]
27 :
[[123362    179]
 [     6   5733]]
28 :
[[127056    179]
 [     9   2036]]
29 :
[[107362   1799]
 [   119  20000]]
computer confusion matrix: results_valid.csv

0 :
[[13720   367]
 [  260  8468]]
1 :
[[19897   287]
 [   81  2550]]
2 :
[[22136    30]
 [    8   641]]
3 :
[[22783     0]
 [    0    32]]
4 :
[[21417    25]
 [    6  1367]]
5 :
[[22502    93]
 [    1   219]]
6 :
[[21937    48]
 [   25   805]]
7 :
[[22400   131]
 [   18   266]]
8 :
[[22663    27]
 [    2   123]]
9 :
[[21729    30]
 [    7  1049]]
10 :
[[22304   296]
 [    7   208]]
11 :
[[22764    27]
 [    1    23]]
12 :
[[22575    30]
 [    3   207]]
13 :
[[22770     7]
 [    0    38]]
14 :
[[22787     3]
 [    0    25]]
15 :
[[22525    25]
 [    0   265]]
16 :
[[22367   136]
 [    1   311]]
17 :
[[22730     2]
 [    0    83]]
18 :
[[22689    28]
 [    0    98]]
19 :
[[22773     4]
 [    0    38]]
20 :
[[22039   390]
 [    2   384]]
21 :
[[20692   598]
 [    1  1524]]
22 :
[[22220   247]
 [   15   333]]
23 :
[[22299   447]
 [    2    67]]
24 :
[[22494    83]
 [    0   238]]
25 :
[[22441   180]
 [    2   192]]
26 :
[[22511    66]
 [    6   232]]
27 :
[[21731    33]
 [    0  1051]]
28 :
[[22420    39]
 [    1   355]]
29 :
[[19001   341]
 [   18  3455]]

CONVERT_PROBS = True

 0 :
[[77533  2135]
 [ 1496 48116]]
1 :
[[112627   1749]
 [   407  14497]]
2 :
[[125444    166]
 [    44   3626]]
3 :
[[129072      4]
 [     1    203]]
4 :
[[121807    134]
 [    50   7289]]
5 :
[[127663    334]
 [    54   1229]]
6 :
[[124301    275]
 [   120   4584]]
7 :
[[126673    730]
 [    68   1809]]
8 :
[[128496    117]
 [    19    648]]
9 :
[[123152    182]
 [    18   5928]]
10 :
[[126404   1651]
 [    27   1198]]
11 :
[[129005    125]
 [     0    150]]
12 :
[[128069    141]
 [    12   1058]]
13 :
[[129119     10]
 [     1    150]]
14 :
[[129120     25]
 [     0    135]]
15 :
[[127690    129]
 [     0   1461]]
16 :
[[126806    816]
 [    12   1646]]
17 :
[[128759      6]
 [     1    514]]
18 :
[[128560    191]
 [     0    529]]
19 :
[[129015     39]
 [     1    225]]
20 :
[[124716   2174]
 [    11   2379]]
21 :
[[117467   3325]
 [    30   8458]]
22 :
[[125895   1387]
 [    68   1930]]
23 :
[[126251   2706]
 [     7    316]]
24 :
[[127553    442]
 [     2   1283]]
25 :
[[127117    981]
 [    17   1165]]
26 :
[[127515    357]
 [    68   1340]]
27 :
[[123362    179]
 [     6   5733]]
28 :
[[127056    179]
 [     9   2036]]
29 :
[[107362   1799]
 [   119  20000]]
computer confusion matrix: results_valid.csv

0 :
[[13720   367]
 [  260  8468]]
1 :
[[19897   287]
 [   81  2550]]
2 :
[[22136    30]
 [    8   641]]
3 :
[[22783     0]
 [    0    32]]
4 :
[[21420    22]
 [   11  1362]]
5 :
[[22532    63]
 [   13   207]]
6 :
[[21943    42]
 [   31   799]]
7 :
[[22402   129]
 [   18   266]]
8 :
[[22669    21]
 [    3   122]]
9 :
[[21729    30]
 [    7  1049]]
10 :
[[22304   296]
 [    7   208]]
11 :
[[22764    27]
 [    1    23]]
12 :
[[22575    30]
 [    3   207]]
13 :
[[22772     5]
 [    0    38]]
14 :
[[22788     2]
 [    0    25]]
15 :
[[22525    25]
 [    0   265]]
16 :
[[22367   136]
 [    1   311]]
17 :
[[22730     2]
 [    0    83]]
18 :
[[22689    28]
 [    0    98]]
19 :
[[22773     4]
 [    0    38]]
20 :
[[22039   390]
 [    2   384]]
21 :
[[20692   598]
 [    1  1524]]
22 :
[[22220   247]
 [   15   333]]
23 :
[[22299   447]
 [    2    67]]
24 :
[[22494    83]
 [    0   238]]
25 :
[[22441   180]
 [    2   192]]
26 :
[[22511    66]
 [    6   232]]
27 :
[[21731    33]
 [    0  1051]]
28 :
[[22420    39]
 [    1   355]]
29 :
[[19001   341]
 [   18  3455]]