train:

0 :
[[83143  3147]
 [  582 44458]]
1 :
[[114580   1991]
 [   630  14129]]
2 :
[[127058    421]
 [   103   3748]]
3 :
[[131094      9]
 [    21    206]]
4 :
[[123544    294]
 [    85   7407]]
5 :
[[129406    619]
 [    14   1291]]
6 :
[[125861    538]
 [   220   4711]]
7 :
[[128344   1061]
 [   192   1733]]
8 :
[[130481    190]
 [    50    609]]
9 :
[[125098    301]
 [    50   5881]]
10 :
[[125717   2868]
 [   103   2642]]
11 :
[[130929    246]
 [     0    155]]
12 :
[[130040    223]
 [    30   1037]]
13 :
[[131117     38]
 [     5    170]]
14 :
[[131136     43]
 [     3    148]]
15 :
[[129604    216]
 [    11   1499]]
16 :
[[129078   1168]
 [    52   1032]]
17 :
[[130816     12]
 [     2    500]]
18 :
[[130567    228]
 [     4    531]]
19 :
[[131032     63]
 [     8    227]]
20 :
[[129454   1071]
 [    34    771]]
21 :
[[119361   3763]
 [   566   7640]]
22 :
[[128349   1605]
 [   210   1166]]
23 :
[[125209   2373]
 [    80   3668]]
24 :
[[129555    660]
 [    39   1076]]
25 :
[[129356   1080]
 [    65    829]]
26 :
[[128876    878]
 [   125   1451]]
27 :
[[124612    569]
 [   200   5949]]
28 :
[[129062    257]
 [    25   1986]]
29 :
[[108696   2119]
 [   258  20257]]


valid:

0 :
[[14639   578]
 [  111  7849]]
1 :
[[20308   336]
 [  127  2406]]
2 :
[[22402    76]
 [   21   678]]
3 :
[[23139     2]
 [    4    32]]
4 :
[[21822    37]
 [   15  1303]]
5 :
[[22869    98]
 [    3   207]]
6 :
[[22190    97]
 [   44   846]]
7 :
[[22701   191]
 [   21   264]]
8 :
[[23046    35]
 [    8    88]]
9 :
[[21998    51]
 [    7  1121]]
10 :
[[22214   519]
 [   16   428]]
11 :
[[23115    43]
 [    0    19]]
12 :
[[22948    32]
 [    9   188]]
13 :
[[23149     7]
 [    3    18]]
14 :
[[23157     6]
 [    2    12]]
15 :
[[22890    45]
 [    2   240]]
16 :
[[22804   177]
 [    7   189]]
17 :
[[23071     4]
 [    0   102]]
18 :
[[23054    38]
 [    0    85]]
19 :
[[23127    11]
 [    2    37]]
20 :
[[22835   215]
 [    9   118]]
21 :
[[21115   657]
 [   94  1311]]
22 :
[[22691   246]
 [   40   200]]
23 :
[[22086   410]
 [   17   664]]
24 :
[[22842   128]
 [   13   194]]
25 :
[[22823   169]
 [    8   177]]
26 :
[[22733   162]
 [   25   257]]
27 :
[[22010    99]
 [   32  1036]]
28 :
[[22740    52]
 [    4   381]]
29 :
[[19101   364]
 [   29  3683]]
