add muli_labels except for match_ok is null

train:

0 :
[[81161  3077]
 [  582 44460]]
1 :
[[113949   1492]
 [   499  13340]]
2 :
[[125330    242]
 [    39   3669]]
3 :
[[129080      5]
 [     0    195]]
4 :
[[121694    184]
 [    39   7363]]
5 :
[[127449    579]
 [     1   1251]]
6 :
[[124308    363]
 [    92   4517]]
7 :
[[126705    911]
 [    67   1597]]
8 :
[[128538    133]
 [    16    593]]
9 :
[[123122    182]
 [    21   5955]]
10 :
[[123807   2866]
 [    47   2560]]
11 :
[[128997    157]
 [     0    126]]
12 :
[[128131    157]
 [    15    977]]
13 :
[[129106     21]
 [     1    152]]
14 :
[[129127     30]
 [     0    123]]
15 :
[[127655    172]
 [     0   1453]]
16 :
[[127205   1048]
 [    22   1005]]
17 :
[[128757      9]
 [     1    513]]
18 :
[[128566    176]
 [     0    538]]
19 :
[[128995     57]
 [     1    227]]
20 :
[[127512    997]
 [    12    759]]
21 :
[[118234   3490]
 [   144   7412]]
22 :
[[126910   1297]
 [   122    951]]
23 :
[[123257   2322]
 [    30   3671]]
24 :
[[127785    491]
 [     2   1002]]
25 :
[[127740    862]
 [    16    662]]
26 :
[[127631    568]
 [    65   1016]]
27 :
[[123455    251]
 [     6   5568]]
28 :
[[127089    221]
 [     6   1964]]
29 :
[[107475   1774]
 [   117  19914]]


valid:
0 :
[[14302   555]
 [   92  7866]]
1 :
[[20182   254]
 [   94  2285]]
2 :
[[22165    39]
 [    8   603]]
3 :
[[22774     0]
 [    2    39]]
4 :
[[21487    42]
 [    0  1286]]
5 :
[[22485   105]
 [    0   225]]
6 :
[[21895    60]
 [   18   842]]
7 :
[[22330   167]
 [   10   308]]
8 :
[[22700    25]
 [    0    90]]
9 :
[[21801    40]
 [    8   966]]
10 :
[[21836   507]
 [    6   466]]
11 :
[[22732    35]
 [    0    48]]
12 :
[[22591    32]
 [    0   192]]
13 :
[[22786     1]
 [    0    28]]
14 :
[[22769    10]
 [    0    36]]
15 :
[[22515    27]
 [    0   273]]
16 :
[[22434   213]
 [    7   161]]
17 :
[[22728     3]
 [    0    84]]
18 :
[[22717    26]
 [    0    72]]
19 :
[[22769    10]
 [    0    36]]
20 :
[[22536   184]
 [    2    93]]
21 :
[[20847   608]
 [   23  1337]]
22 :
[[22382   251]
 [   13   169]]
23 :
[[21797   413]
 [    5   600]]
24 :
[[22551    77]
 [    0   187]]
25 :
[[22498   172]
 [    5   140]]
26 :
[[22504    97]
 [   11   203]]
27 :
[[21726    34]
 [    2  1053]]
28 :
[[22441    42]
 [    2   330]]
29 :
[[18981   273]
 [   22  3539]]
