bigclass_30_param015_4  weight:0.7

#transfer learning base on
# model_file1 = '/home/ubuntu/dlp/deploy_models_new/bigclasses_multilabels/class_weights5_0.2_0.7/Multi_label_Xception-015-train0.9671_val0.945.hdf5'

0 :
[[69082  8233]
 [  396 44856]]
1 :
[[110567   1464]
 [   727   9809]]
2 :
[[119069    142]
 [    68   3288]]
3 :
[[122347     42]
 [     4    174]]
4 :
[[115276    357]
 [    23   6911]]
5 :
[[120880    628]
 [     8   1051]]
6 :
[[118115    578]
 [   102   3772]]
7 :
[[119221   2090]
 [   105   1151]]
8 :
[[121823    246]
 [     3    495]]
9 :
[[116788    201]
 [    18   5560]]
10 :
[[116546   3799]
 [   128   2094]]
11 :
[[122194    243]
 [     0    130]]
12 :
[[121318    383]
 [    11    855]]
13 :
[[122350     73]
 [     0    144]]
14 :
[[122326    108]
 [     3    130]]
15 :
[[121030     96]
 [     3   1438]]
16 :
[[121481    329]
 [     1    756]]
17 :
[[121839    239]
 [    10    479]]
18 :
[[121891    192]
 [     1    483]]
19 :
[[122174    191]
 [     4    198]]
20 :
[[121814    381]
 [     5    367]]
21 :
[[111287   4634]
 [   435   6211]]
22 :
[[118070   4124]
 [    24    349]]
23 :
[[105386  13701]
 [   359   3121]]
24 :
[[121375    448]
 [    12    732]]
25 :
[[122217    143]
 [     0    207]]
26 :
[[122006    313]
 [    18    230]]
27 :
[[117728    162]
 [    14   4663]]
28 :
[[120877    118]
 [     6   1566]]
29 :
[[102802    906]
 [   275  18584]]